%% Convert image into matrix
% imdata = imread('D:\AKC Corps\AKC Compression\picture.png');
tic

%% cut image into square

% Skipping this step for now - look into greedy and dynamic programming
% approach (solve the integer knpsack)

% syms x1_1 x1_2 x1_3 x1_4 x1_5 x1_6 x1_7 x1_9 x2_1 x2_2 x2_3 x2_4 x2_5 x2_6 x2_7 x2_8 x2_9 x3_1 x3_2 x3_3 x3_4 x3_5 x3_6 x3_7 x3_8 x3_9 x4_1 x4_2 x4_3 x4_4 x4_5 x4_6 x4_7 x4_8 x4_9 x5_1 x5_2 x5_3 x5_4 x5_5 x5_6 x5_7 x5_8 x5_9 x6_1 x6_2 x6_3 x6_4 x6_5 x6_6 x6_7 x6_8 x6_9 x7_1 x7_2 x7_3 x7_4 x7_5 x7_6 x7_7 x7_8 x7_9 x8_1 x8_2 x8_3 x8_4 x8_5 x8_6 x8_7 x8_8 x8_9 x9_1 x9_2 x9_3 x9_4 x9_5 x9_6 x9_7 x9_8 x9_9;
%% Generate linear equations

data = [0 0 1 1 1 1 1 0 0; 0 1 0 0 0 0 0 1 0; 1 0 1 0 0 0 1 0 1; 1 0 0 0 1 0 0 0 1; 1 0 0 0 0 0 0 0 1; 1 0 1 0 0 0 1 0 1; 1 0 0 1 1 1 0 0 1; 0 1 0 0 0 0 0 1 0; 0 0 1 1 1 1 1 0 0];

up   = [0,0,1,1,1,1,1,0,0;0,1,0,0,0,0,0,1,0;1,0,1,0,0,1,0,0,1;1,0,0,0,0,0,1,0,1;1,0,0,0,0,0,1,0,1;1,0,1,0,0,0,1,0,1;1,0,0,1,1,1,0,0,1;0,1,0,0,0,0,0,1,0;0,0,1,1,1,1,1,0,0];

down = [0 1 1 1 1 1 0 1; 1 0 0 0 0 0 1 0; 1 0 0 0 1 0 0 1; 1 0 0 0 0 1 0 1; 1 0 1 0 0 1 0 1; 1 0 0 1 1 1 0 1; 0 1 0 0 0 0 0 1; 0 0 1 1 1 1 1 0];

% x1_1 = 0; x1_2 = 1; x1_3 = 2; x1_4 = 3; x1_5 = 4; x1_6 = 5; x1_7 = 6; x1_8 = 7;% x1_9 = 7;
% x2_1 = 1; x2_2 = 2; x2_3 = 3; x2_4 = 4; x2_5 = 5; x2_6 = 6; x2_7 = 7; x2_8 = 8;% x2_9 = 7;
% x3_1 = 2; x3_2 = 3; x3_3 = 4; x3_4 = 5; x3_5 = 6; x3_6 = 7; x3_7 = 8; x3_8 = 9;% x3_9 = 7;
% x4_1 = 3; x4_2 = 4; x4_3 = 5; x4_4 = 6; x4_5 = 7; x4_6 = 8; x4_7 = 9; x4_8 = 10;% x4_9 = 7;
% x5_1 = 4; x5_2 = 5; x5_3 = 6; x5_4 = 7; x5_5 = 8; x5_6 = 9; x5_7 = 10; x5_8 = 11;% x5_9 = 7;
% x6_1 = 5; x6_2 = 6; x6_3 = 7; x6_4 = 8; x6_5 = 9; x6_6 = 10; x6_7 = 11; x6_8 = 12;% x6_9 = 7;
% x7_1 = 6; x7_2 = 7; x7_3 = 8; x7_4 = 9; x7_5 = 10; x7_6 = 11; x7_7 = 12; x7_8 = 13;% x7_9 = 7;
% x8_1 = 7; x8_2 = 8; x8_3 = 9; x8_4 = 10; x8_5 = 11; x8_6 = 12; x8_7 = 13; x8_8 = 14;% x8_9 = 7;
% x9_1 = 8; x9_2 = 9; x9_3 = 10; x9_4 = 11; x9_5 = 12; x9_6 = 13; x9_7 = 14; x9_8 = 15;% x9_9 = 7;
% 
% data1 = [x1_1 x1_2 x1_3 x1_4 x1_5 x1_6 x1_7 x1_8 x(1)];
% data2 = [x2_1 x2_2 x2_3 x2_4 x2_5 x2_6 x2_7 x2_8 x(2)];
% data3 = [x3_1 x3_2 x3_3 x3_4 x3_5 x3_6 x3_7 x3_8 x(3)];
% data4 = [x4_1 x4_2 x4_3 x4_4 x4_5 x4_6 x4_7 x4_8 x(4)];
% data5 = [x5_1 x5_2 x5_3 x5_4 x5_5 x5_6 x5_7 x5_8 x(5)];
% data6 = [x6_1 x6_2 x6_3 x6_4 x6_5 x6_6 x6_7 x6_8 x(6)];
% data7 = [x7_1 x7_2 x7_3 x7_4 x7_5 x7_6 x7_7 x7_8 x(7)];
% data8 = [x8_1 x8_2 x8_3 x8_4 x8_5 x8_6 x8_7 x8_8 x(8)];
% data9 = [x9_1 x9_2 x9_3 x9_4 x9_5 x9_6 x9_7 x9_8 x(9)];

% datta = [data1; data2; data3; data4; data5; data6; data7; data8];
% 
% eqn1  = (x1_1-(x1_1+x1_2+x1_3+x1_4+x1_5+x1_6+x1_7+x1_8+x1_9)/9)*(x1_1-(x1_1+x1_2+x1_3+x1_4+x1_5+x1_6+x1_7+x1_8+x1_9)/9) + (x1_2-(x1_1+x1_2+x1_3+x1_4+x1_5+x1_6+x1_7+x1_8+x1_9)/9)*(x1_2-(x1_1+x1_2+x1_3+x1_4+x1_5+x1_6+x1_7+x1_8+x1_9)/9) + (x1_3-(x1_1+x1_2+x1_3+x1_4+x1_5+x1_6+x1_7+x1_8+x1_9)/9)*(x1_3-(x1_1+x1_2+x1_3+x1_4+x1_5+x1_6+x1_7+x1_8+x1_9)/9) + (x1_4-(x1_1+x1_2+x1_3+x1_4+x1_5+x1_6+x1_7+x1_8+x1_9)/9)*(x1_4-(x1_1+x1_2+x1_3+x1_4+x1_5+x1_6+x1_7+x1_8+x1_9)/9) + (x1_5-(x1_1+x1_2+x1_3+x1_4+x1_5+x1_6+x1_7+x1_8+x1_9)/9)*(x1_5-(x1_1+x1_2+x1_3+x1_4+x1_5+x1_6+x1_7+x1_8+x1_9)/9) + (x1_6-(x1_1+x1_2+x1_3+x1_4+x1_5+x1_6+x1_7+x1_8+x1_9)/9)*(x1_6-(x1_1+x1_2+x1_3+x1_4+x1_5+x1_6+x1_7+x1_8+x1_9)/9) + (x1_7-(x1_1+x1_2+x1_3+x1_4+x1_5+x1_6+x1_7+x1_8+x1_9)/9)*(x1_7-(x1_1+x1_2+x1_3+x1_4+x1_5+x1_6+x1_7+x1_8+x1_9)/9) + (x1_8-(x1_1+x1_2+x1_3+x1_4+x1_5+x1_6+x1_7+x1_8+x1_9)/9)*(x1_8-(x1_1+x1_2+x1_3+x1_4+x1_5+x1_6+x1_7+x1_8+x1_9)/9) + (x1_9-(x1_1+x1_2+x1_3+x1_4+x1_5+x1_6+x1_7+x1_8+x1_9)/9)*(x1_9-(x1_1+x1_2+x1_3+x1_4+x1_5+x1_6+x1_7+x1_8+x1_9)/9) == up(1,1);
% eqn2  = (x1_1-(x1_1+x1_2+x1_3+x1_4+x1_5+x1_6+x1_7+x1_8+x1_9)/9)*(x2_1-(x2_1+x2_2+x2_3+x2_4+x2_5+x2_6+x2_7+x2_8+x2_9)/9) + (x1_2-(x1_1+x1_2+x1_3+x1_4+x1_5+x1_6+x1_7+x1_8+x1_9)/9)*(x2_2-(x2_1+x2_2+x2_3+x2_4+x2_5+x2_6+x2_7+x2_8+x2_9)/9) + (x1_3-(x1_1+x1_2+x1_3+x1_4+x1_5+x1_6+x1_7+x1_8+x1_9)/9)*(x2_3-(x2_1+x2_2+x2_3+x2_4+x2_5+x2_6+x2_7+x2_8+x2_9)/9) + (x1_4-(x1_1+x1_2+x1_3+x1_4+x1_5+x1_6+x1_7+x1_8+x1_9)/9)*(x2_4-(x2_1+x2_2+x2_3+x2_4+x2_5+x2_6+x2_7+x2_8+x2_9)/9) + (x1_5-(x1_1+x1_2+x1_3+x1_4+x1_5+x1_6+x1_7+x1_8+x1_9)/9)*(x2_5-(x2_1+x2_2+x2_3+x2_4+x2_5+x2_6+x2_7+x2_8+x2_9)/9) + (x1_6-(x1_1+x1_2+x1_3+x1_4+x1_5+x1_6+x1_7+x1_8+x1_9)/9)*(x2_6-(x2_1+x2_2+x2_3+x2_4+x2_5+x2_6+x2_7+x2_8+x2_9)/9) + (x1_7-(x1_1+x1_2+x1_3+x1_4+x1_5+x1_6+x1_7+x1_8+x1_9)/9)*(x2_7-(x2_1+x2_2+x2_3+x2_4+x2_5+x2_6+x2_7+x2_8+x2_9)/9) + (x1_8-(x1_1+x1_2+x1_3+x1_4+x1_5+x1_6+x1_7+x1_8+x1_9)/9)*(x2_8-(x2_1+x2_2+x2_3+x2_4+x2_5+x2_6+x2_7+x2_8+x2_9)/9) + (x1_9-(x1_1+x1_2+x1_3+x1_4+x1_5+x1_6+x1_7+x1_8+x1_9)/9)*(x2_9-(x2_1+x2_2+x2_3+x2_4+x2_5+x2_6+x2_7+x2_8+x2_9)/9) == up(1,2);
% eqn3  = (x1_1-(x1_1+x1_2+x1_3+x1_4+x1_5+x1_6+x1_7+x1_8+x1_9)/9)*(x3_1-(x3_1+x3_2+x3_3+x3_4+x3_5+x3_6+x3_7+x3_8+x3_9)/9) + (x1_2-(x1_1+x1_2+x1_3+x1_4+x1_5+x1_6+x1_7+x1_8+x1_9)/9)*(x3_2-(x3_1+x3_2+x3_3+x3_4+x3_5+x3_6+x3_7+x3_8+x3_9)/9) + (x1_3-(x1_1+x1_2+x1_3+x1_4+x1_5+x1_6+x1_7+x1_8+x1_9)/9)*(x3_3-(x3_1+x3_2+x3_3+x3_4+x3_5+x3_6+x3_7+x3_8+x3_9)/9) + (x1_4-(x1_1+x1_2+x1_3+x1_4+x1_5+x1_6+x1_7+x1_8+x1_9)/9)*(x3_4-(x3_1+x3_2+x3_3+x3_4+x3_5+x3_6+x3_7+x3_8+x3_9)/9) + (x1_5-(x1_1+x1_2+x1_3+x1_4+x1_5+x1_6+x1_7+x1_8+x1_9)/9)*(x3_5-(x3_1+x3_2+x3_3+x3_4+x3_5+x3_6+x3_7+x3_8+x3_9)/9) + (x1_6-(x1_1+x1_2+x1_3+x1_4+x1_5+x1_6+x1_7+x1_8+x1_9)/9)*(x3_6-(x3_1+x3_2+x3_3+x3_4+x3_5+x3_6+x3_7+x3_8+x3_9)/9) + (x1_7-(x1_1+x1_2+x1_3+x1_4+x1_5+x1_6+x1_7+x1_8+x1_9)/9)*(x3_7-(x3_1+x3_2+x3_3+x3_4+x3_5+x3_6+x3_7+x3_8+x3_9)/9) + (x1_8-(x1_1+x1_2+x1_3+x1_4+x1_5+x1_6+x1_7+x1_8+x1_9)/9)*(x3_8-(x3_1+x3_2+x3_3+x3_4+x3_5+x3_6+x3_7+x3_8+x3_9)/9) + (x1_9-(x1_1+x1_2+x1_3+x1_4+x1_5+x1_6+x1_7+x1_8+x1_9)/9)*(x3_9-(x3_1+x3_2+x3_3+x3_4+x3_5+x3_6+x3_7+x3_8+x3_9)/9) == up(1,3);
% eqn4  = (x1_1-(x1_1+x1_2+x1_3+x1_4+x1_5+x1_6+x1_7+x1_8+x1_9)/9)*(x4_1-(x4_1+x4_2+x4_3+x4_4+x4_5+x4_6+x4_7+x4_8+x4_9)/9) + (x1_2-(x1_1+x1_2+x1_3+x1_4+x1_5+x1_6+x1_7+x1_8+x1_9)/9)*(x4_2-(x4_1+x4_2+x4_3+x4_4+x4_5+x4_6+x4_7+x4_8+x4_9)/9) + (x1_3-(x1_1+x1_2+x1_3+x1_4+x1_5+x1_6+x1_7+x1_8+x1_9)/9)*(x4_3-(x4_1+x4_2+x4_3+x4_4+x4_5+x4_6+x4_7+x4_8+x4_9)/9) + (x1_4-(x1_1+x1_2+x1_3+x1_4+x1_5+x1_6+x1_7+x1_8+x1_9)/9)*(x4_4-(x4_1+x4_2+x4_3+x4_4+x4_5+x4_6+x4_7+x4_8+x4_9)/9) + (x1_5-(x1_1+x1_2+x1_3+x1_4+x1_5+x1_6+x1_7+x1_8+x1_9)/9)*(x4_5-(x4_1+x4_2+x4_3+x4_4+x4_5+x4_6+x4_7+x4_8+x4_9)/9) + (x1_6-(x1_1+x1_2+x1_3+x1_4+x1_5+x1_6+x1_7+x1_8+x1_9)/9)*(x4_6-(x4_1+x4_2+x4_3+x4_4+x4_5+x4_6+x4_7+x4_8+x4_9)/9) + (x1_7-(x1_1+x1_2+x1_3+x1_4+x1_5+x1_6+x1_7+x1_8+x1_9)/9)*(x4_7-(x4_1+x4_2+x4_3+x4_4+x4_5+x4_6+x4_7+x4_8+x4_9)/9) + (x1_8-(x1_1+x1_2+x1_3+x1_4+x1_5+x1_6+x1_7+x1_8+x1_9)/9)*(x4_8-(x4_1+x4_2+x4_3+x4_4+x4_5+x4_6+x4_7+x4_8+x4_9)/9) + (x1_9-(x1_1+x1_2+x1_3+x1_4+x1_5+x1_6+x1_7+x1_8+x1_9)/9)*(x4_9-(x4_1+x4_2+x4_3+x4_4+x4_5+x4_6+x4_7+x4_8+x4_9)/9) == up(1,4);
% eqn5  = (x1_1-(x1_1+x1_2+x1_3+x1_4+x1_5+x1_6+x1_7+x1_8+x1_9)/9)*(x5_1-(x5_1+x5_2+x5_3+x5_4+x5_5+x5_6+x5_7+x5_8+x5_9)/9) + (x1_2-(x1_1+x1_2+x1_3+x1_4+x1_5+x1_6+x1_7+x1_8+x1_9)/9)*(x5_2-(x5_1+x5_2+x5_3+x5_4+x5_5+x5_6+x5_7+x5_8+x5_9)/9) + (x1_3-(x1_1+x1_2+x1_3+x1_4+x1_5+x1_6+x1_7+x1_8+x1_9)/9)*(x5_3-(x5_1+x5_2+x5_3+x5_4+x5_5+x5_6+x5_7+x5_8+x5_9)/9) + (x1_4-(x1_1+x1_2+x1_3+x1_4+x1_5+x1_6+x1_7+x1_8+x1_9)/9)*(x5_4-(x5_1+x5_2+x5_3+x5_4+x5_5+x5_6+x5_7+x5_8+x5_9)/9) + (x1_5-(x1_1+x1_2+x1_3+x1_4+x1_5+x1_6+x1_7+x1_8+x1_9)/9)*(x5_5-(x5_1+x5_2+x5_3+x5_4+x5_5+x5_6+x5_7+x5_8+x5_9)/9) + (x1_6-(x1_1+x1_2+x1_3+x1_4+x1_5+x1_6+x1_7+x1_8+x1_9)/9)*(x5_6-(x5_1+x5_2+x5_3+x5_4+x5_5+x5_6+x5_7+x5_8+x5_9)/9) + (x1_7-(x1_1+x1_2+x1_3+x1_4+x1_5+x1_6+x1_7+x1_8+x1_9)/9)*(x5_7-(x5_1+x5_2+x5_3+x5_4+x5_5+x5_6+x5_7+x5_8+x5_9)/9) + (x1_8-(x1_1+x1_2+x1_3+x1_4+x1_5+x1_6+x1_7+x1_8+x1_9)/9)*(x5_8-(x5_1+x5_2+x5_3+x5_4+x5_5+x5_6+x5_7+x5_8+x5_9)/9) + (x1_9-(x1_1+x1_2+x1_3+x1_4+x1_5+x1_6+x1_7+x1_8+x1_9)/9)*(x5_9-(x5_1+x5_2+x5_3+x5_4+x5_5+x5_6+x5_7+x5_8+x5_9)/9) == up(1,5);
