function F = myfun(x)

data = [0 1 0; 1 1 1;0 1 0];

% syms x11 x12 x13 x21 x22 x23 x31 x32 x33;

eqn1 = (x11-(x11+x12+x13)/3)^2 + (x12-(x11+x12+x13)/3)^2 + (x13-(x11+x12+x13)/3)^2 - data(1,1);
eqn2 = (x21-(x21+x22+x23)/3)^2 + (x22-(x21+x22+x23)/3)^2 + (x23-(x21+x22+x23)/3)^2 - data(2,2);
eqn3 = (x31-(x31+x32+x33)/3)^2 + (x32-(x31+x32+x33)/3)^2 + (x33-(x31+x32+x33)/3)^2 - data(3,3);

eqn4 = (x11-(x11+x12+x13)/3)*(x21-(x21+x22+x23)/3) + (x12-(x11+x12+x13)/3)*(x22-(x21+x22+x23)/3) + (x13-(x11+x12+x13))*(x23-(x21+x22+x23)/3) - data(1,2);
eqn5 = (x11-(x11+x12+x13)/3)*(x31-(x31+x32+x33)/3) + (x12-(x11+x12+x13)/3)*(x32-(x31+x32+x33)/3) + (x13-(x11+x12+x13))*(x33-(x31+x32+x33)/3) - data(1,3);
eqn6 = (x21-(x21+x22+x23)/3)*(x31-(x31+x32+x33)/3) + (x22-(x21+x22+x23)/3)*(x32-(x31+x32+x33)/3) + (x23-(x21+x22+x23))*(x33-(x31+x32+x33)/3) - data(2,3);

F = [eqn1; eqn2; eqn3; eqn4; eqn5; eqn6];
x0 = [-1 -1 -1 -1 -1 -1 -1 -1 -1];

end